lastAccountName: Jorindeke
timestamps:
  login: 1597249324305
  logout: 1597249372788
ipAddress: 94.104.58.176
lastlocation:
  world: world
  x: 1826.5
  y: 79.0
  z: -610.5
  yaw: 2.226263
  pitch: 0.0
logoutlocation:
  world: world
  x: 1831.300000011921
  y: 79.0
  z: -632.6999999880791
  yaw: -27.057596
  pitch: 71.73065
