lastAccountName: chelletcheese
timestamps:
  login: 1599191016058
  lastteleport: 1599194611629
  logout: 1599195115958
ipAddress: 76.93.151.157
lastlocation:
  world: world
  x: 1802.9732518483963
  y: 80.99520087700593
  z: -625.260888678233
  yaw: 102.0932
  pitch: 39.78064
money: '100.0'
afk: false
logoutlocation:
  world: world
  x: 1889.09626979329
  y: 65.0
  z: -550.3114970505677
  yaw: 92.25122
  pitch: 29.530567
