lastAccountName: KingRomulusIV
timestamps:
  login: 1599880031393
  lastteleport: 1599880760922
  logout: 1599881970032
ipAddress: 107.203.176.124
lastlocation:
  world: world
  x: 1810.227263075892
  y: 64.0
  z: -621.2614624840453
  yaw: 346.96713
  pitch: 13.375834
logoutlocation:
  world: world
  x: 1872.9491425470808
  y: 64.0
  z: -431.0085850396762
  yaw: 140.85365
  pitch: 12.5249815
