lastAccountName: ii_Lion
timestamps:
  login: 1599968731422
  lastteleport: 1599971271273
  logout: 1599971999481
ipAddress: 207.62.170.222
lastlocation:
  world: world
  x: 1751.6763787625887
  y: 64.5
  z: -603.8553042426032
  yaw: 51.692352
  pitch: 17.430706
money: '0.0'
logoutlocation:
  world: world
  x: 1792.3607667891545
  y: 64.0
  z: -774.4390074748762
  yaw: -293.45682
  pitch: 20.249958
