lastAccountName: DraculaShot
timestamps:
  login: 1597111903338
  lastteleport: 1597111936162
  logout: 1597112469780
ipAddress: 23.240.139.226
lastlocation:
  world: world
  x: 1808.8141937189775
  y: 81.0
  z: -619.980836781574
  yaw: 90.99256
  pitch: 27.63059
money: '100.0'
logoutlocation:
  world: world
  x: 1612.3564933057746
  y: 63.0
  z: -427.96329602579203
  yaw: 45.108368
  pitch: 8.973534
