lastAccountName: _XxxMLGMinerXxx_
timestamps:
  login: 1599345430328
  lastteleport: 1599345535306
  logout: 1599347409383
ipAddress: 73.189.249.100
lastlocation:
  world: world
  x: 1771.9505080917406
  y: 77.0
  z: -603.3796244037682
  yaw: -82.554825
  pitch: 24.030571
money: '300.0'
logoutlocation:
  world: world
  x: -241.71291887301973
  y: 69.5625
  z: -3527.14682464345
  yaw: 234.29683
  pitch: 31.050085
