lastAccountName: GayscaleRainbow
timestamps:
  login: 1596830834076
  lastteleport: 1596830847914
  logout: 1596830896134
ipAddress: 69.222.184.137
lastlocation:
  world: world
  x: 1819.7249663374225
  y: 81.0
  z: -619.5593173132364
  yaw: 267.69257
  pitch: 1.8306035
logoutlocation:
  world: world
  x: 1793.2008536114247
  y: 79.0
  z: -622.624285642226
  yaw: 125.04224
  pitch: 31.08059
