lastAccountName: hubb2006
timestamps:
  login: 1597035364324
  lastteleport: 1596574400602
  logout: 1597035483896
ipAddress: 24.32.40.94
lastlocation:
  world: world
  x: 1807.1316278648299
  y: 81.0625
  z: -619.2115641764171
  yaw: 83.65326
  pitch: 6.2610025
money: '1605.0839999999999976'
logoutlocation:
  world: world
  x: 4187.238369647475
  y: 78.0
  z: -2266.1929445027195
  yaw: 145.9464
  pitch: -5.82719
