lastAccountName: AshleyOfBits
timestamps:
  login: 1599030067633
  logout: 1599030083041
ipAddress: 68.5.91.234
lastlocation:
  world: world
  x: 1826.5
  y: 79.0
  z: -610.5
  yaw: 1.0913574
  pitch: 0.0
logoutlocation:
  world: world
  x: 1828.3748238739345
  y: 81.0
  z: -622.4113758474407
  yaw: 265.50165
  pitch: 48.06306
