lastAccountName: pmp999
timestamps:
  login: 1599694708719
  lastteleport: 1599694842754
  logout: 1599696601273
ipAddress: 75.128.67.156
lastlocation:
  world: world
  x: 1824.8624613762026
  y: 72.0
  z: -647.4413612943878
  yaw: -243.29053
  pitch: 14.9937725
money: '2393.0900000000000425'
homes:
  home:
    world: world
    x: 2385.7493404542897
    y: 73.0
    z: -691.695219645372
    yaw: 129.91035
    pitch: 15.2571125
logoutlocation:
  world: world
  x: 2385.7493404542897
  y: 73.0
  z: -691.695219645372
  yaw: 115.849846
  pitch: -4.188218
