lastAccountName: nocibur
timestamps:
  login: 1599379063757
  lastteleport: 1599109268694
  logout: 1599379192615
ipAddress: 97.86.152.134
lastlocation:
  world: world
  x: -1353.1376599745831
  y: 115.53986506342773
  z: 518.3554467793119
  yaw: -30.334259
  pitch: 28.19994
money: '100.0'
logoutlocation:
  world: world
  x: 1798.768816783016
  y: 83.99146803303475
  z: -612.0560246742768
  yaw: -243.20734
  pitch: 4.2306333
