lastAccountName: jimbojammey2000
timestamps:
  login: 1596830840467
  lastteleport: 1596830848363
  logout: 1596830896145
ipAddress: 69.222.184.137
lastlocation:
  world: world
  x: 1840.8588466829087
  y: 83.0
  z: -619.5133841487893
  yaw: 92.61018
  pitch: 12.303346
logoutlocation:
  world: world
  x: 1788.300000011921
  y: 79.0
  z: -624.8847949689941
  yaw: 107.54443
  pitch: 18.660456
