lastAccountName: Grizzlygamer78
timestamps:
  login: 1597240562136
  lastteleport: 1597132514861
  logout: 1597240635249
ipAddress: 122.167.65.100
lastlocation:
  world: world
  x: 1904.0010254413426
  y: 64.0
  z: -1098.0361391991835
  yaw: 173.07152
  pitch: 20.764208
money: '1159.2800000000000315'
logoutlocation:
  world: world
  x: 2206.409681995624
  y: 67.0
  z: -600.3147781133009
  yaw: 270.14658
  pitch: -0.22195148
