lastAccountName: MercifulPirate
timestamps:
  login: 1599616665125
  lastteleport: 1599617346518
  logout: 1599617358179
ipAddress: 207.62.170.217
lastlocation:
  world: world
  x: 1807.4138958735894
  y: 81.0
  z: -618.831882210188
  yaw: 93.99185
  pitch: 22.98057
money: '400.0'
logoutlocation:
  world: world
  x: 3491.5
  y: 62.0
  z: -1888.5
  yaw: -133.95905
  pitch: 0.0
