lastAccountName: Dasher69
timestamps:
  login: 1596416493884
  lastteleport: 1596256600849
  logout: 1596416507006
ipAddress: 24.25.222.244
lastlocation:
  world: world
  x: 1705.231543415514
  y: 63.0
  z: -510.7037614191722
  yaw: -21.507402
  pitch: 14.699979
money: '100.0'
logoutlocation:
  world: world
  x: 369.62304762971127
  y: 64.0
  z: 1059.7869202080858
  yaw: -112.081474
  pitch: 11.39998
