lastAccountName: jackster600
timestamps:
  login: 1596484806927
  logout: 1596485088709
ipAddress: 76.14.3.187
lastlocation:
  world: world
  x: 1823.5
  y: 74.0
  z: -609.5
  yaw: 0.0700627
  pitch: 0.0
logoutlocation:
  world: world
  x: 1520.0768879880068
  y: 67.0
  z: -166.69999998807907
  yaw: 216.85455
  pitch: 21.00361
