lastAccountName: Mussie
timestamps:
  login: 1599450733779
  lastteleport: 1599450823007
  logout: 1599457936937
ipAddress: 69.112.198.107
lastlocation:
  world: world
  x: 1800.5144602029636
  y: 79.0
  z: -639.5014582891938
  yaw: 184.89232
  pitch: 31.980692
money: '300.0'
logoutlocation:
  world: world
  x: 1734.0863295864071
  y: 59.859917052710465
  z: -374.1258742396781
  yaw: 60.6864
  pitch: 40.23046
