lastAccountName: Kelea5005
timestamps:
  login: 1598854875904
  logout: 1598855213602
ipAddress: 23.148.208.173
lastlocation:
  world: world
  x: 1825.5
  y: 74.0
  z: -609.5
  yaw: 3.208807
  pitch: 0.0
logoutlocation:
  world: world
  x: 1758.548616989002
  y: 66.0
  z: -608.2015622062033
  yaw: -302.15805
  pitch: -6.869393
