lastAccountName: DoodleDude99
timestamps:
  login: 1597122476257
  lastteleport: 1597122608411
  logout: 1597122670931
ipAddress: 76.168.11.25
lastlocation:
  world: world
  x: 1789.006685840934
  y: 79.0
  z: -624.1510955733494
  yaw: -259.41565
  pitch: 19.840384
money: '100.0'
logoutlocation:
  world: world
  x: 758.9320913819087
  y: 68.0
  z: -2327.1892080321522
  yaw: -185.76758
  pitch: 11.7238455
