lastAccountName: aholagaming
timestamps:
  login: 1599354850857
  logout: 1599354943873
  lastteleport: 1599351646106
ipAddress: 73.15.162.214
lastlocation:
  world: world
  x: 1831.6940582677535
  y: 81.0
  z: -618.1432368575598
  yaw: -311.90717
  pitch: 17.4
money: '915.26899999999999464'
logoutlocation:
  world: world
  x: 2169.809718374199
  y: 54.24918707874468
  z: -374.6616938851451
  yaw: -97.65106
  pitch: -14.099978
