lastAccountName: SwiftlySwift
timestamps:
  login: 1598542248668
  logout: 1598542330423
ipAddress: 47.151.241.57
lastlocation:
  world: world
  x: 1826.5
  y: 79.0
  z: -610.5
  yaw: 5.6809893
  pitch: 0.0
logoutlocation:
  world: world
  x: 1828.9414894853062
  y: 43.862666805035154
  z: -120.83270068780091
  yaw: 234.08768
  pitch: 21.630587
