lastAccountName: ajfancypants
timestamps:
  login: 1596235962537
  logout: 1596236054476
ipAddress: 71.84.29.163
lastlocation:
  world: world
  x: 1826.5
  y: 79.0
  z: -610.5
  yaw: 1.8649821
  pitch: 0.0
logoutlocation:
  world: world
  x: 1825.3559384737412
  y: 81.0
  z: -620.4104656545938
  yaw: 277.59268
  pitch: -0.41937363
