lastAccountName: Snaremiento
timestamps:
  login: 1596222045554
  logout: 1596222076808
ipAddress: 47.157.208.43
lastlocation:
  world: world
  x: 1826.5
  y: 79.0
  z: -610.5
  yaw: 3.6988673
  pitch: 0.0
logoutlocation:
  world: world
  x: 1841.5
  y: 83.0
  z: -619.3500694109443
  yaw: 86.942566
  pitch: 9.180609
