lastAccountName: CombatWombat111
timestamps:
  login: 1596937406406
  lastteleport: 1596938411111
  logout: 1596939900983
ipAddress: 73.116.74.153
lastlocation:
  world: world
  x: 3682.137304563236
  y: 79.0
  z: 703.9493606010776
  yaw: 197.66801
  pitch: 4.9500885
money: '100.0'
logoutlocation:
  world: world
  x: 2837.361852737204
  y: 51.0
  z: -1346.5522132883812
  yaw: -66.90439
  pitch: 61.050022
