lastAccountName: SpinForever
timestamps:
  login: 1598869286358
  logout: 1598869320306
ipAddress: 173.249.30.10
lastlocation:
  world: world
  x: 1826.5
  y: 79.0
  z: -610.5
  yaw: 1.9998676
  pitch: 0.0
logoutlocation:
  world: world
  x: 1841.5
  y: 83.0
  z: -619.5
  yaw: 89.942604
  pitch: 1.8306038
