lastAccountName: aambiguous
timestamps:
  login: 1596242778825
  lastteleport: 1596240600700
  logout: 1596243276190
ipAddress: 72.194.14.73
lastlocation:
  world: world
  x: 1820.717079637315
  y: 64.0
  z: -528.6738584810986
  yaw: -20.344652
  pitch: 6.380562
logoutlocation:
  world: world
  x: 1965.80029296875
  y: 62.07319337129593
  z: 1223.3125
  yaw: -22.32879
  pitch: 39.978065
