lastAccountName: Reerfish
timestamps:
  login: 1600233635121
  logout: 1600233696911
ipAddress: 66.215.57.92
lastlocation:
  world: world
  x: 1821.5
  y: 79.0
  z: -628.5
  yaw: 1.656855
  pitch: 0.0
logoutlocation:
  world: world
  x: 1826.8202914809856
  y: 81.0
  z: -620.960215865193
  yaw: 178.745
  pitch: 18.780458
