lastAccountName: CheyNBug
timestamps:
  login: 1596341241934
  logout: 1596342240936
ipAddress: 47.220.204.73
lastlocation:
  world: world
  x: 1826.5
  y: 79.0
  z: -610.5
  yaw: 1.142278
  pitch: 0.0
money: '200.0'
logoutlocation:
  world: world
  x: 1669.6342760712619
  y: 65.0
  z: -371.8908845973157
  yaw: 240.41577
  pitch: 22.199936
