lastAccountName: Stuf227
timestamps:
  login: 1599341963541
  lastteleport: 1599343020052
  logout: 1599347504730
ipAddress: 71.95.137.36
lastlocation:
  world: world
  x: 1800.2721634075876
  y: 79.0
  z: -640.340355083354
  yaw: 8.128895
  pitch: 20.29693
money: '1.0'
afk: false
logoutlocation:
  world: world
  x: -226.47429678514564
  y: 62.077445245203194
  z: -3553.9999134379195
  yaw: 349.58838
  pitch: 26.617311
