lastAccountName: pancakelover80
timestamps:
  login: 1596240934950
  lastteleport: 1596242763698
  logout: 1596245781687
ipAddress: 98.238.168.204
lastlocation:
  world: world
  x: 2484.35293100153
  y: 63.0
  z: -637.8516416191771
  yaw: -146.46964
  pitch: 16.04927
logoutlocation:
  world: world
  x: 2502.5
  y: 63.0000002
  z: -654.5
  yaw: -195.00938
  pitch: 4.350001
money: '0.0'
homes:
  home:
    world: world
    x: 2504.402170373885
    y: 64.0
    z: -662.1695007147929
    yaw: -139.11935
    pitch: 14.849497
