lastAccountName: connrock1223
timestamps:
  login: 1598916566251
  lastteleport: 1598917373991
  logout: 1598917800816
ipAddress: 73.189.151.38
lastlocation:
  world: world
  x: 1816.4545279581976
  y: 81.0
  z: -619.6274454704037
  yaw: 287.49246
  pitch: 16.680601
money: '200.0'
logoutlocation:
  world: world
  x: -1175.6156563705458
  y: 62.28940141314603
  z: 369.93603144011524
  yaw: 209.86884
  pitch: 5.5880456
