lastAccountName: jatbreldor
timestamps:
  login: 1596347250200
  logout: 1596348634490
ipAddress: 73.162.72.209
lastlocation:
  world: world
  x: 1784.2960332686891
  y: 67.02442408821369
  z: -544.0415901221618
  yaw: 168.14984
  pitch: 36.450005
logoutlocation:
  world: world
  x: 1822.0326205712672
  y: 52.0
  z: -522.3000000119209
  yaw: 182.18736
  pitch: 17.104092
