lastAccountName: thearchmajor
timestamps:
  login: 1596223443032
  logout: 1596223569129
ipAddress: 71.93.198.90
lastlocation:
  world: world
  x: 1826.5
  y: 79.0
  z: -610.5
  yaw: 3.8055532
  pitch: 0.0
logoutlocation:
  world: world
  x: 1828.1064666301543
  y: 81.0
  z: -620.3000000119209
  yaw: -183.50932
  pitch: 19.19985
