lastAccountName: Trentai
timestamps:
  login: 1597379723887
  logout: 1597379757223
ipAddress: 24.5.34.149
lastlocation:
  world: world
  x: 1773.1178791377934
  y: 72.23152379758702
  z: -564.8531306797544
  yaw: -125.062805
  pitch: 17.560022
logoutlocation:
  world: world
  x: 1823.6189385566727
  y: 52.0
  z: -525.1103429877775
  yaw: -207.45831
  pitch: -3.4432192
