lastAccountName: CopingOpossum61
timestamps:
  login: 1599438171206
  logout: 1599438175821
ipAddress: 72.240.214.26
lastlocation:
  world: world
  x: 1826.5
  y: 79.0
  z: -610.5
  yaw: 2.9127417
  pitch: 0.0
logoutlocation:
  world: world
  x: 1812.8855281689077
  y: 81.0
  z: -626.6511165222212
  yaw: -19.386122
  pitch: 32.602745
