lastAccountName: mikeyfee
timestamps:
  login: 1600014922095
  logout: 1600014956476
ipAddress: 207.62.170.223
lastlocation:
  world: world
  x: 1826.5
  y: 79.0
  z: -610.5
  yaw: 3.6268425
  pitch: 0.0
logoutlocation:
  world: world
  x: 1826.0853266813926
  y: 81.0
  z: -617.4450301487549
  yaw: 23.203459
  pitch: 3.8347814
