lastAccountName: KnotTheory
timestamps:
  login: 1596784117341
  lastteleport: 1596784233355
  logout: 1596784471087
ipAddress: 98.150.224.92
lastlocation:
  world: world
  x: 1826.5894081531144
  y: 81.0
  z: -621.5884435464609
  yaw: 238.89262
  pitch: -22.76936
logoutlocation:
  world: world
  x: 239.3259095437416
  y: 71.0
  z: 879.010358772158
  yaw: 80.60133
  pitch: 18.600037
