lastAccountName: _ya_boi_
timestamps:
  login: 1596411831239
  lastteleport: 1596346633948
  logout: 1596413487114
ipAddress: 172.250.83.143
lastlocation:
  world: world
  x: 1612.0112414093928
  y: 3.0
  z: -447.51172913046645
  yaw: -333.93033
  pitch: 28.5435
money: '100.0'
logoutlocation:
  world: world
  x: 5011.355186692442
  y: 62.875
  z: -6841.433260193194
  yaw: -236.77325
  pitch: 13.479284
