lastAccountName: Jua2000
timestamps:
  login: 1596222947702
  logout: 1596224467825
ipAddress: 108.195.124.235
lastlocation:
  world: world
  x: 1825.5
  y: 74.0
  z: -609.5
  yaw: 2.8926396
  pitch: 0.0
logoutlocation:
  world: world
  x: 1781.2760361514736
  y: 72.0
  z: -622.2921358580628
  yaw: 82.59193
  pitch: 41.280605
