lastAccountName: heehee_hoohoo
timestamps:
  login: 1599109281401
  logout: 1599109641108
ipAddress: 97.86.152.134
lastlocation:
  world: world
  x: 1826.5
  y: 79.0
  z: -610.5
  yaw: 3.6926348
  pitch: 0.0
logoutlocation:
  world: world
  x: 1800.159012313668
  y: 79.0
  z: -635.9483691889641
  yaw: 18.24179
  pitch: 17.280756
