lastAccountName: redman232323
timestamps:
  login: 1600315244994
  logout: 1600317739101
ipAddress: 87.101.92.182
lastlocation:
  world: world
  x: 1821.9459848171837
  y: 81.0
  z: -619.283284390138
  yaw: 87.09263
  pitch: 9.480605
logoutlocation:
  world: world
  x: 3802.6809087477704
  y: 65.0
  z: -3509.699999988079
  yaw: 345.4167
  pitch: 14.699624
