lastAccountName: ChickenPlug
timestamps:
  login: 1597894471467
  lastteleport: 1597894577058
  logout: 1597894914873
ipAddress: 68.107.67.20
lastlocation:
  world: world
  x: 1800.421007635621
  y: 79.0
  z: -626.3353144757091
  yaw: -179.00655
  pitch: 23.130491
logoutlocation:
  world: world
  x: 1781.14010643919
  y: 75.0
  z: -654.7222229176001
  yaw: 49.23645
  pitch: 24.299725
