lastAccountName: Claeshapur
timestamps:
  login: 1596780128634
  logout: 1596780244839
ipAddress: 76.86.29.243
lastlocation:
  world: world
  x: 1826.5
  y: 79.0
  z: -610.5
  yaw: 3.4687297
  pitch: 0.0
logoutlocation:
  world: world
  x: 1815.3966093491347
  y: 81.0
  z: -616.386592728054
  yaw: 247.73596
  pitch: 6.1805387
