lastAccountName: monkeyman386
timestamps:
  login: 1599191492791
  logout: 1599194337098
ipAddress: 23.242.37.219
lastlocation:
  world: world
  x: 1823.6132270529188
  y: 81.41999998688698
  z: -620.4740501039755
  yaw: 258.19373
  pitch: 19.355453
logoutlocation:
  world: world
  x: 1830.4232473829659
  y: 81.0
  z: -618.9727744791738
  yaw: 75.4906
  pitch: 25.33591
