lastAccountName: Kiiwiqloss
timestamps:
  login: 1599938583934
  lastteleport: 1599938998172
  logout: 1599939314382
ipAddress: 98.145.116.143
lastlocation:
  world: world
  x: 1758.9473882654813
  y: 64.0
  z: -665.1743127041655
  yaw: 200.94061
  pitch: -6.1193957
logoutlocation:
  world: world
  x: 2094.2931428543843
  y: 64.0
  z: -721.8082545188214
  yaw: -65.15735
  pitch: -1.7719098
