lastAccountName: Luigi64128
timestamps:
  login: 1597909086049
  logout: 1597912339679
ipAddress: 108.88.99.219
lastlocation:
  world: world
  x: 1826.5
  y: 79.0
  z: -610.5
  yaw: 0.07140367
  pitch: 0.0
logoutlocation:
  world: world
  x: 1656.9796199266057
  y: 85.0
  z: 371.66316843531433
  yaw: 121.98694
  pitch: 37.977413
