lastAccountName: Mattc4
timestamps:
  login: 1596601677433
  lastteleport: 1596602486001
  logout: 1596602508570
ipAddress: 73.202.84.245
lastlocation:
  world: world
  x: 593.2526461202567
  y: 66.0
  z: -2140.40128759084
  yaw: 172.5517
  pitch: 7.5000024
money: '100.0'
logoutlocation:
  world: world
  x: -85.61536907992209
  y: 64.0
  z: 1379.7601443152007
  yaw: 110.24463
  pitch: 19.8
