lastAccountName: ILoveKrispyKreme
timestamps:
  login: 1597326989005
  logout: 1597327003597
ipAddress: 98.220.4.4
lastlocation:
  world: world
  x: 1826.5
  y: 79.0
  z: -610.5
  yaw: 4.7766395
  pitch: 0.0
logoutlocation:
  world: world
  x: 1835.8294031385872
  y: 82.0
  z: -620.5625724989779
  yaw: 95.64254
  pitch: 12.63061
