lastAccountName: bballplayer1357
timestamps:
  login: 1596228194688
  logout: 1596228326176
ipAddress: 73.223.52.155
lastlocation:
  world: world
  x: 1821.5
  y: 79.0
  z: -628.5
  yaw: 6.2547255
  pitch: 0.0
logoutlocation:
  world: world
  x: 1826.4390233993804
  y: 81.0
  z: -617.0201132765333
  yaw: 2.9424846
  pitch: 13.680607
