lastAccountName: ohtwofive
timestamps:
  login: 1599962076274
  logout: 1599962172576
  lastteleport: 1598661145473
  jail: 0
ipAddress: 73.65.242.184
lastlocation:
  world: world
  x: 1797.7517622354349
  y: 84.5
  z: -612.4418425404581
  yaw: 210.00122
  pitch: 31.530651
logoutlocation:
  world: world
  x: 1797.7517622354349
  y: 84.0
  z: -612.4418425404581
  yaw: 251.77068
  pitch: 27.092712
money: '0.0'
jailed: false
mail:
- §6[§rkkuhn§6] §rDo not grief the protected region of Patreker
