lastAccountName: megan_hulsy
timestamps:
  login: 1596337414533
  logout: 1596338170334
ipAddress: 47.153.27.204
lastlocation:
  world: world
  x: 1825.5
  y: 74.0
  z: -609.5
  yaw: 0.86867505
  pitch: 0.0
logoutlocation:
  world: world
  x: 1609.0480645345044
  y: 2.0
  z: -438.5581441180107
  yaw: -9.207397
  pitch: 1.7999678
