lastAccountName: X0_MLe
timestamps:
  login: 1599895681724
  logout: 1599900639777
ipAddress: 207.62.170.209
lastlocation:
  world: world
  x: 1826.5
  y: 79.0
  z: -610.5
  yaw: 1.5054643
  pitch: 0.0
logoutlocation:
  world: world
  x: 1768.1440482010692
  y: 64.0
  z: -740.9603908902887
  yaw: -248.0061
  pitch: 13.830642
