lastAccountName: Applebob8
timestamps:
  login: 1598078300356
  logout: 1598078312938
ipAddress: 75.3.244.167
lastlocation:
  world: world
  x: 1826.5
  y: 79.0
  z: -610.5
  yaw: 4.868152
  pitch: 0.0
logoutlocation:
  world: world
  x: 1841.5
  y: 83.0
  z: -619.5
  yaw: 77.34265
  pitch: 26.730612
