lastAccountName: Cryyyan
timestamps:
  login: 1597813467946
  logout: 1597813548275
ipAddress: 97.94.130.164
lastlocation:
  world: world
  x: 1826.5
  y: 79.0
  z: -610.5
  yaw: 3.1814866
  pitch: 0.0
logoutlocation:
  world: world
  x: 1824.7554078463345
  y: 81.0
  z: -620.2479195979587
  yaw: 98.5994
  pitch: 7.2484374
