lastAccountName: Ironmxn
timestamps:
  login: 1598934269362
  logout: 1598935306105
ipAddress: 172.116.58.188
lastlocation:
  world: world
  x: 1810.9543261057
  y: 81.0
  z: -624.0812105520326
  yaw: 107.79239
  pitch: 7.9806943
money: '400.0'
logoutlocation:
  world: world
  x: 1816.4545279581976
  y: 81.0
  z: -619.6274454704037
  yaw: 270.3925
  pitch: -3.5693972
