lastAccountName: kennyman23
timestamps:
  login: 1599938874077
  logout: 1599938907680
ipAddress: 173.249.30.10
lastlocation:
  world: world
  x: 1826.5
  y: 79.0
  z: -610.5
  yaw: 2.0895393
  pitch: 0.0
logoutlocation:
  world: world
  x: 1841.5
  y: 83.0
  z: -619.5
  yaw: 89.942604
  pitch: 1.8306038
