lastAccountName: JemmaTbaum
timestamps:
  login: 1596392634061
  logout: 1596392662514
ipAddress: 172.250.13.84
lastlocation:
  world: world
  x: 1821.5
  y: 79.0
  z: -628.5
  yaw: 4.2432227
  pitch: 0.0
logoutlocation:
  world: world
  x: 1841.699999988079
  y: 83.0
  z: -619.4791592363006
  yaw: 85.51555
  pitch: 25.190886
