jails: 
  1: 
    world: world
    x: 1797.7517622354349
    y: 84.5
    z: -612.4418425404581
    yaw: 248.21735
    pitch: 31.530651
  2: 
    world: world
    x: 1791.3872730728729
    y: 84.0
    z: -616.4986680226301
    yaw: -91.3782
    pitch: 11.281109
