spawns: 
  default: 
    world: world
    x: 1816.4545279581976
    y: 81.0
    z: -619.6274454704037
    yaw: 270.3925
    pitch: -3.5693972
  new: 
    world: world
    x: 1841.5753116766903
    y: 84.0443752158513
    z: -619.4926247788476
    yaw: 89.942604
    pitch: 1.8306038
