world: world
x: 1854.4595002476663
y: 69.0
z: -553.5854185415064
yaw: 271.1284
pitch: 7.691464
name: Club
lastowner: 217bdf34-1c67-41c2-a8ae-4b2a952c7226
