world: world
x: 1815.9056072640205
y: 64.0
z: -653.0048658488262
yaw: 89.94882
pitch: -1.172205
name: Info
lastowner: 217bdf34-1c67-41c2-a8ae-4b2a952c7226
