world: world
x: 1803.5
y: 65.0
z: -738.5
yaw: 223.69165
pitch: -1.8759332
name: market
lastowner: 4fbe969c-43a5-45e5-bc3e-dfcce539cd11
