world: world
x: 1803.5048659592856
y: 65.05773801590928
z: -738.2286639990565
yaw: 223.69165
pitch: -1.8759332
name: shop
lastowner: 217bdf34-1c67-41c2-a8ae-4b2a952c7226
